Fx = 27.10067327527454	Indexs = 9 12 13 18 24 25 26 34 35 36 40 42	Rouge = 0.254
Fx = 27.47142651801972	Indexs = 7 9 11 12 17 22 29 33 37 40 41 44 48	Rouge = 0.216
Fx = 27.410193787340905	Indexs = 2 6 20 21 25 28 31 33 34 35 43	Rouge = 0.262
