Fx = 27.28474434941465	Indexs = 1	Rouge = 0.312
Fx = 27.304166662880004	Indexs = 1	Rouge = 0.312
Fx = 26.98344639463623	Indexs = 1 3 4 6 8 11 12 16 17 19 23 29 32 33 35 38 39 41 48	Rouge = 0.158
Fx = 27.816297482859238	Indexs = 0 3 5 9 11 12 17 18 21 23 24 27 28 31 39 40 41 43 45 46 47 49 50	Rouge = 0.162
